1 1
5 5
1000 1000
202 511
860 534
297 426
724 415
604 289
573 34
558 898
78 971
622 130
179 956
311 929
357 54
466 492
346 13
128 961
566 370
198 284
904 169
884 734
828 653
759 253
736 917
966 402
217 807
75 61
207 885
516 728
919 725
607 957
990 792
60 36
449 871
490 697
682 654
953 48
109 429
118 818
611 68
90 261
732 180
990 3
663 564
528 535
289 174
513 716
157 371
844 903
454 558
738 697
890 241
998 471
988 542
776 775
668 828
81 798
683 512
64 784
910 208
293 489
992 642
742 962
799 1
655 324
904 486
206 393
907 604
90 857
757 276
36 674
3 634
258 472
171 320
786 874
194 617
953 984
261 937
187 354
560 500
232 300
844 988
853 687
734 448
934 656
476 533
563 625
151 58
790 558
207 4
902 230
163 208
587 800
675 488
495 388
947 376
953 888
905 649
248 668
420 840
750 666
872 632
176 219
108 634
482 605
814 925
681 235
162 878
552 385
720 320
739 535
340 729
809 183
295 852
220 679
971 274
288 43
918 717
373 619
757 197
234 330
986 479
644 535
80 854
310 150
808 280
427 988
919 309
471 392
255 624
457 881
558 466
963 385
834 596
584 646
188 255
958 296
458 985
649 713
557 278
635 599
601 556
944 424
408 403
401 106
29 339
953 167
701 592
388 48
131 156
97 764
844 485
269 184
443 658
285 321
670 190
826 544
965 49
257 710
710 410
893 167
371 512
92 922
301 567
942 728
788 175
66 154
418 631
278 85
117 274
65 594
212 491
866 178
856 368
773 728
314 291
658 329
843 622
113 187
453 309
281 239
875 531
299 709
174 983
35 234
75 42
421 688
15 245
234 360
72 876
422 599
999 374
914 698
177 187
579 943
863 122
424 729
176 276
130 319
505 58
965 763
771 298
112 774
580 574
10 603
139 745
903 755
895 172
949 801
492 594
220 254
711 86
836 228
459 713
952 235
595 814
453 848
959 833
587 745
102 903
798 827
963 755
310 427
1 905
991 144
132 76
841 714
211 127
261 743
24 843
939 363
10 890
837 820
727 502
128 270
678 233
418 300
575 301
21 881
898 559
198 121
829 369
138 820
758 624
60 495
200 489
501 854
84 436
768 294
565 191
633 534
510 233
230 222
9 584
528 274
281 895
748 672
474 9
452 699
812 488
889 490
262 675
676 426
277 367
298 580
754 900
474 887
252 210
123 11
49 593
848 576
355 944
300 258
151 806
277 943
104 994
62 489
667 351
505 77
661 431
608 474
750 722
302 368
820 411
732 724
190 346
830 34
90 249
714 236
978 909
125 486
639 134
538 273
365 268
876 796
479 459
179 248
900 409
664 346
825 408
585 365
814 725
534 963
138 749
564 968
299 69
804 19
801 116
26 838
161 775
45 918
216 386
675 757
856 168
519 435
82 45
490 163
881 495
750 160
527 63
957 391
828 393
857 144
230 286
284 455
268 793
897 782
295 763
357 44
690 389
221 695
323 469
859 215
990 983
543 549
822 994
118 335
436 765
440 338
615 432
653 785
317 38
593 252
658 7
392 389
657 151
526 919
339 636
9 952
238 477
799 102
366 706
967 637
341 233
751 460
158 261
833 361
640 887
449 699
238 806
762 322
194 188
412 534
42 523
176 293
777 983
887 191
929 115
102 836
209 114
839 659
21 914
959 317
275 545
569 539
948 594
284 813
172 628
565 870
164 591
347 102
440 173
854 253
541 959
779 34
473 453
792 305
189 698
783 943
455 757
719 557
344 978
199 175
539 415
811 695
1 294
999 536
638 720
812 316
356 864
14 779
827 485
30 783
428 973
347 810
389 308
703 412
361 372
152 288
118 936
100 26
67 194
497 938
241 151
708 648
493 444
445 855
408 145
236 204
537 218
256 457
866 402
848 225
78 958
227 648
117 259
931 636
553 537
121 757
429 725
994 279
822 782
636 64
770 539
880 529
181 501
252 991
821 571
808 652
34 623
479 257
851 770
122 929
249 108
203 674
135 128
859 581
828 46
343 25
835 728
742 380
552 445
999 926
405 884
653 280
239 955
711 454
825 591
48 615
755 689
367 139
440 905
51 969
679 293
640 295
117 245
606 231
925 881
45 995
486 244
931 201
261 588
259 604
715 678
180 571
348 699
580 128
540 249
650 216
713 639
327 419
32 967
910 52
676 181
399 123
38 16
333 465
36 26
741 72
438 362
358 612
20 494
414 920
944 154
300 327
749 420
450 868
348 264
524 138
665 691
953 277
338 152
997 611
792 9
41 699
199 565
890 125
954 771
706 891
368 62
581 26
383 676
966 864
819 960
248 495
691 29
927 11
181 814
242 895
148 911
319 714
858 711
696 858
473 726
380 88
89 209
542 431
559 489
39 446
87 744
63 474
283 966
306 182
308 421
897 698
871 57
218 450
759 400
621 922
684 31
29 295
88 265
917 675
777 269
750 282
667 849
785 894
503 66
80 76
798 683
576 948
386 161
282 446
465 350
196 218
306 10
156 514
833 16
741 101
209 977
732 764
111 574
288 673
814 393
81 119
974 579
777 264
505 812
823 973
76 550
840 225
993 191
883 116
175 50
600 715
626 605
417 482
317 53
257 357
537 340
8 641
321 993
329 130
587 208
67 16
64 327
71 795
330 576
865 953
394 706
485 415
136 242
280 987
94 476
861 747
924 667
253 61
703 328
561 119
603 549
6 811
451 338
219 616
413 258
556 140
502 715
841 11
796 343
903 838
36 881
353 831
237 649
5 399
98 80
757 441
947 701
787 928
170 257
309 344
920 887
776 619
715 355
133 591
527 725
133 867
859 926
590 113
102 907
847 363
506 965
9 598
199 141
101 169
841 494
814 33
8 370
530 502
375 167
84 822
745 221
641 314
880 751
599 94
461 760
4 124
608 793
224 563
811 312
869 363
87 6
924 109
830 672
325 705
524 95
317 700
757 513
532 643
118 513
575 242
493 959
583 339
607 380
962 679
464 420
8 406
935 907
352 321
547 482
48 593
205 496
988 366
891 833
15 867
382 726
556 655
739 625
788 476
451 614
531 35
188 164
749 508
76 358
787 902
530 135
200 231
726 191
959 720
975 984
64 235
227 416
183 61
67 360
674 356
525 237
497 25
371 513
301 883
68 77
923 575
27 983
123 218
908 529
477 908
487 594
553 519
369 841
5 310
671 115
751 825
702 227
8 311
483 325
838 346
352 864
465 794
50 100
91 857
540 559
876 987
831 224
693 202
688 670
918 320
691 989
258 450
540 738
770 363
191 82
837 877
308 288
682 910
61 973
975 279
746 83
312 563
527 113
161 68
143 148
963 284
542 699
135 709
740 954
927 88
206 459
971 782
945 802
485 68
276 631
607 969
924 285
292 678
614 819
931 118
217 512
169 115
773 736
918 131
817 776
506 943
864 338
790 545
565 926
182 744
209 85
208 137
254 869
608 968
112 127
415 255
476 618
69 996
263 454
915 134
133 702
203 326
422 793
539 765
196 71
465 911
165 852
426 347
339 785
706 432
133 487
276 204
959 303
167 63
668 307
169 738
951 977
113 214
194 184
266 783
130 916
480 712
702 232
647 131
622 732
354 48
511 3
536 67
215 149
446 564
334 255
461 635
7 512
74 777
911 169
992 443
421 57
210 249
282 761
477 835
468 888
660 158
763 851
187 577
773 909
237 494
918 91
922 353
861 164
357 421
477 548
93 186
281 898
484 397
12 813
927 739
191 44
168 700
546 654
896 141
657 868
305 577
292 996
195 135
636 451
863 540
975 87
399 658
193 955
272 305
499 571
647 613
275 92
336 175
684 878
920 906
71 27
575 584
60 50
63 487
197 104
632 528
504 175
385 337
862 312
395 497
7 899
579 34
431 20
528 794
833 142
418 879
366 991
409 82
375 906
761 642
452 944
931 914
46 150
967 202
386 556
763 648
208 717
103 395
20 312
37 668
14 591
63 363
72 156
552 570
716 659
128 556
869 55
197 831
576 608
615 840
104 119
596 657
620 928
73 355
593 266
92 796
887 491
569 518
818 498
308 344
920 895
189 256
469 794
19 237
467 60
436 11
95 521
156 416
426 441
934 433
88 547
222 359
103 293
227 724
602 512
743 607
879 972
981 567
297 19
536 652
8 427
837 572
846 797
751 477
395 17
496 695
983 61
395 889
239 812
219 501
210 78
68 938
778 573
499 390
585 937
134 832
155 755
650 287
732 74
892 591
624 130
933 627
493 885
591 411
885 933
540 910
155 762
37 682
493 396
142 365
359 573
350 406
156 934
413 702
666 972
322 244
420 452
121 783
273 976
53 112
457 165
343 130
46 101
136 962
437 40
144 363
182 153
460 96
217 396
404 640
349 468
548 761
380 345
248 151
242 510
646 348
631 195
487 221
5 86
439 944
717 317
189 546
533 927
34 182
681 942
772 600
430 277
81 917
624 720
818 531
834 77
341 130
78 992
455 574
755 185
571 323
310 545
769 523
857 318
994 446
