13 90
8 35
50 60
121 97
86 2
174 14
49 99
18 37
156 93
191 50
65 20
14 75
178 77
183 11
105 9
182 8
102 41
25 46
12 20
10 65
90 93
147 27
6 67
6 11
8 55
85 45
33 92
33 93
166 87
103 62
103 80
141 30
37 84
25 79
150 25
167 51
16 57
78 26
87 61
54 11
37 35
19 16
134 78
24 56
200 33
60 42
193 20
18 66
190 16
89 89
197 96
38 11
37 69
173 8
79 65
111 89
75 42
173 6
191 12
193 50
91 95
73 75
111 77
108 2
128 46
66 100
192 46
17 11
141 21
125 15
196 39
11 62
93 100
179 100
32 77
4 72
68 1
41 61
29 12
51 1
190 70
173 40
138 38
69 97
66 38
151 60
16 97
144 65
110 29
115 100
194 13
151 10
97 31
164 44
57 44
31 12
194 92
18 63
85 22
153 69
121 74
156 84
48 27
39 42
147 59
101 47
182 30
129 88
76 97
169 10
113 75
143 33
160 14
184 77
168 51
144 13
37 68
61 38
190 59
19 47
153 66
135 7
92 58
115 92
172 37
176 77
54 5
35 77
95 32
191 63
41 36
5 61
115 44
142 89
16 8
116 47
134 49
22 63
105 41
172 42
165 65
198 82
139 67
78 2
155 100
5 48
148 87
36 13
122 26
44 68
44 62
44 20
35 62
28 81
123 50
187 32
200 62
47 56
129 1
1 60
96 91
176 66
91 81
58 80
126 100
137 40
72 86
48 87
70 2
148 61
119 34
190 88
100 75
104 70
8 60
113 19
97 89
19 79
165 44
111 61
10 1
62 61
157 27
148 13
2 94
11 98
69 91
115 64
85 7
100 92
88 23
43 6
161 20
141 34
116 45
108 97
130 3
156 70
29 41
4 12
90 91
37 27
188 62
171 37
54 7
69 56
5 35
171 64
67 59
25 65
9 25
13 100
29 69
111 11
19 28
105 59
11 100
157 98
114 8
8 23
140 21
153 20
169 82
96 96
162 47
29 42
16 8
79 86
85 48
158 89
105 71
98 2
40 2
84 57
154 100
40 90
84 38
11 39
87 71
135 30
55 20
146 64
64 5
118 37
15 39
4 65
61 9
10 4
32 91
6 38
26 56
37 17
8 55
146 79
131 11
190 36
63 39
190 65
192 9
23 88
124 63
38 3
142 22
108 93
136 72
187 42
95 49
26 38
158 85
6 85
58 20
121 86
14 53
38 52
120 63
30 98
38 86
12 78
118 8
195 34
125 35
97 2
98 7
35 17
178 57
155 14
180 100
159 51
104 91
182 84
193 15
110 10
59 63
184 61
105 87
156 52
189 39
101 42
148 28
78 82
199 15
128 35
164 99
179 18
152 54
23 52
119 26
109 88
170 46
26 24
165 76
142 16
164 24
155 58
111 68
56 96
6 30
40 9
151 85
114 45
63 79
97 66
8 10
55 85
198 35
20 82
24 60
181 49
20 83
65 14
85 44
33 8
65 14
197 72
93 69
13 91
112 69
174 52
157 8
44 24
8 9
91 95
9 23
74 3
182 18
35 66
68 3
10 52
91 59
2 29
127 20
172 3
42 43
86 3
161 97
69 94
13 85
189 57
36 88
40 95
141 39
193 37
88 9
161 45
127 61
53 34
43 11
173 29
184 33
98 48
8 69
104 54
47 15
97 77
9 39
98 31
184 97
56 72
100 39
144 12
46 62
65 87
139 78
78 44
134 50
161 38
179 34
149 87
23 30
27 98
65 61
1 1
158 42
110 69
100 85
75 48
132 76
6 42
98 20
107 17
109 64
151 27
71 32
146 28
127 89
42 31
84 61
57 52
22 85
182 42
174 54
184 61
27 56
19 75
132 1
96 26
116 94
6 21
145 64
84 41
26 5
35 62
74 2
141 100
168 59
31 80
32 68
152 30
27 53
104 96
127 31
12 48
36 67
55 67
43 91
97 53
191 51
194 59
23 42
146 43
199 16
68 58
42 74
195 55
150 100
29 36
59 25
141 81
79 69
66 85
151 18
3 67
170 19
153 6
13 37
42 59
119 29
109 60
145 6
47 100
92 20
24 17
93 19
173 62
56 76
199 52
29 24
59 82
105 67
74 57
193 83
182 71
92 31
113 57
19 35
8 70
112 40
8 72
181 36
104 63
172 93
177 65
12 23
190 49
81 8
147 50
153 31
54 25
199 35
146 62
193 9
142 51
155 27
43 95
196 98
186 88
36 86
173 57
115 81
79 98
158 13
139 27
142 83
28 12
32 64
184 53
39 16
89 18
166 24
160 85
55 94
54 70
118 38
69 23
101 6
53 93
61 79
40 75
89 99
26 62
88 86
88 70
112 66
33 77
17 90
131 58
168 50
42 35
176 68
21 59
31 45
80 64
184 100
124 84
130 7
99 22
118 28
177 61
176 72
200 31
141 32
103 100
81 100
164 23
142 43
74 26
107 99
51 92
149 61
118 65
70 93
92 27
11 90
185 83
78 87
27 77
24 94
19 43
71 21
99 50
113 88
84 4
39 38
169 31
104 77
100 90
193 85
157 45
7 32
171 71
31 23
169 20
159 2
192 57
5 67
44 6
18 48
70 95
5 2
121 51
85 56
199 82
85 77
62 69
153 49
86 18
128 73
25 82
121 9
193 33
16 52
151 47
182 88
74 65
29 67
4 65
24 74
48 90
191 81
25 26
87 13
148 12
122 2
97 50
150 58
199 12
168 67
87 30
26 23
158 25
125 31
117 96
79 65
127 53
9 2
145 56
177 11
34 89
154 28
91 59
7 61
166 17
111 11
111 49
153 90
57 5
146 39
94 41
2 51
15 61
196 64
116 32
12 98
177 47
171 11
3 65
124 4
198 24
123 91
4 31
46 33
168 38
182 98
17 80
165 21
62 49
149 74
53 66
78 31
47 25
146 43
56 15
75 72
9 67
150 95
117 9
110 50
49 8
24 12
65 64
192 95
45 30
139 80
27 90
153 6
196 81
158 46
73 4
37 73
3 85
106 73
121 5
200 69
63 75
87 18
56 1
158 72
152 94
133 28
117 56
57 24
8 89
37 81
143 9
185 57
171 96
167 86
77 36
28 4
148 9
146 81
116 55
80 96
102 35
189 50
102 94
48 48
91 14
182 3
51 43
134 75
159 24
49 27
170 55
72 45
9 46
182 96
79 26
83 83
95 11
19 7
31 64
150 2
200 55
21 9
48 18
124 12
86 60
29 87
69 82
16 76
86 98
74 20
130 4
161 37
160 11
169 70
153 45
152 59
102 31
41 20
60 87
130 42
129 55
142 37
200 66
167 91
134 50
80 98
88 98
152 2
191 51
58 37
50 39
65 5
60 58
33 64
74 56
5 15
152 22
54 48
82 45
7 26
166 50
99 44
88 32
153 6
128 62
115 74
64 16
74 50
135 61
45 97
15 73
137 46
20 42
126 24
101 14
149 79
43 50
165 72
44 43
40 68
135 94
151 54
61 29
189 61
73 48
176 17
77 40
172 10
111 93
57 100
78 30
171 60
47 97
124 17
200 65
124 13
90 56
142 7
181 81
122 42
145 96
65 50
32 31
97 91
143 83
38 24
107 19
59 81
118 85
150 60
3 54
108 37
107 57
10 93
35 99
28 87
45 52
126 68
27 32
51 78
8 16
82 46
170 85
10 24
63 9
156 88
194 26
93 8
74 100
139 28
130 20
173 85
95 17
75 25
23 81
14 90
82 88
97 27
102 81
181 95
55 41
137 60
133 50
149 10
65 93
146 81
46 28
74 98
198 18
155 76
44 24
146 55
91 59
66 75
133 17
59 71
190 36
68 50
131 53
135 59
132 10
31 94
164 77
185 17
91 59
51 76
55 80
99 56
124 73
17 51
126 30
125 87
199 86
129 53
75 37
88 31
155 38
132 19
150 86
26 61
122 96
79 2
149 64
77 100
98 3
22 59
140 69
65 31
197 75
140 70
194 6
75 55
195 42
172 46
16 63
177 7
175 47
185 44
114 26
12 59
138 71
29 98
61 30
116 63
1 51
182 44
143 34
79 63
118 14
11 38
145 46
62 58
74 44
170 53
69 39
162 12
116 86
102 23
137 8
70 47
21 3
69 12
113 26
7 21
102 74
25 69
128 34
169 26
13 39
116 57
16 12
151 82
173 83
114 37
150 12
19 92
91 87
111 36
3 48
148 36
81 59
144 80
164 21
48 95
69 11
160 90
11 65
47 26
70 81
145 70
81 74
73 93
32 64
5 48
190 24
54 96
62 60
187 63
58 48
61 46
15 72
55 23
178 39
156 70
32 25
97 49
100 85
31 34
190 50
140 59
99 9
87 60
46 44
76 58
186 14
22 92
143 70
160 46
40 77
56 4
19 21
92 5
125 4
8 75
45 89
198 94
76 44
114 70
78 81
102 44
166 66
151 29
87 8
23 49
195 72
39 60
174 77
197 33
40 43
68 13
49 45
147 3
50 13
72 61
133 54
79 63
104 6
