87 68
46 15
158 95
21 13
178 18
193 99
6 75
111 1
143 33
145 49
59 40
167 30
146 96
163 38
200 13
187 23
55 29
189 38
83 8
58 9
174 2
62 81
14 53
20 84
1 47
1 59
166 20
73 98
170 70
124 27
193 50
194 67
2 6
121 63
111 14
118 96
52 12
191 98
58 10
175 82
74 41
134 98
23 47
117 95
26 12
84 25
154 4
177 28
81 8
135 89
21 37
24 79
156 87
63 99
140 34
114 73
62 31
122 16
8 65
158 82
184 88
145 29
15 63
105 70
171 37
25 5
35 46
64 10
47 67
22 2
95 49
138 83
54 56
11 30
11 17
165 6
153 56
77 28
36 54
123 10
50 47
19 31
5 74
173 27
21 66
187 38
8 28
150 46
73 69
153 3
150 54
92 5
175 70
99 50
21 35
62 80
21 38
35 42
167 3
178 13
80 75
55 100
106 48
146 50
104 47
145 82
162 14
182 97
93 36
173 37
62 85
141 61
159 41
162 45
125 55
25 38
77 99
148 31
160 12
172 49
21 22
133 64
161 35
159 34
34 16
84 67
64 81
191 3
102 3
145 65
126 85
67 47
119 96
167 24
141 29
29 59
141 33
91 39
133 41
165 56
121 27
184 39
184 13
13 67
36 97
66 15
77 59
79 84
192 99
192 96
101 30
136 87
52 82
132 78
97 50
92 82
197 71
148 43
13 62
171 22
104 90
45 30
173 96
197 74
106 78
111 78
96 24
179 93
174 31
195 7
30 36
135 73
126 17
106 14
66 32
172 89
152 22
39 21
21 86
179 94
28 17
50 11
40 63
21 22
165 94
168 51
199 99
187 22
135 23
107 50
17 34
77 28
98 32
68 53
26 45
30 72
47 5
132 97
151 58
166 13
197 69
64 20
150 51
191 40
136 3
98 18
135 2
136 31
56 3
20 80
126 19
99 29
180 5
146 37
3 40
167 68
140 24
114 73
148 80
101 83
137 88
166 79
108 99
6 5
120 88
21 32
132 27
89 23
43 27
73 56
145 28
154 3
53 63
106 60
182 2
38 46
153 25
137 92
186 22
84 33
127 52
64 14
101 8
66 83
129 57
88 25
196 61
167 2
175 48
62 60
104 7
185 42
60 54
192 30
92 78
70 39
157 37
151 75
161 18
137 41
97 10
73 4
135 21
194 48
192 36
136 6
60 16
197 22
35 15
1 58
2 23
50 64
46 88
88 96
40 33
5 21
167 19
102 2
48 34
38 94
194 58
94 8
72 98
155 1
44 43
12 48
185 95
163 17
1 7
67 46
153 48
77 29
9 82
22 64
198 73
63 86
37 8
53 99
118 35
192 46
170 69
175 89
9 26
10 22
104 87
89 80
69 83
85 87
83 19
167 19
190 43
124 17
156 89
180 68
35 33
93 100
15 14
161 72
164 100
161 77
109 9
157 16
130 98
186 24
153 40
192 72
189 71
26 19
88 38
10 95
184 88
27 39
59 88
21 53
37 79
18 38
26 28
91 57
165 34
36 32
80 41
155 9
163 61
164 40
199 43
114 51
122 36
98 45
103 43
113 28
186 3
133 24
37 6
173 18
123 92
24 92
23 28
139 98
165 3
88 62
72 79
86 45
128 17
174 27
81 60
185 68
45 87
177 60
169 1
150 50
89 29
98 34
89 60
160 32
13 28
159 34
32 39
124 84
82 38
136 100
26 27
31 64
138 10
67 54
126 97
70 6
116 2
112 68
154 85
2 15
66 82
146 45
55 18
165 27
35 67
18 37
126 3
94 27
113 47
107 90
88 68
20 83
78 76
101 34
33 91
124 1
12 89
82 86
35 97
154 30
126 42
119 93
116 70
170 17
51 84
71 98
181 89
53 51
157 7
8 7
106 1
148 19
120 19
92 17
80 60
27 95
6 17
82 13
33 89
175 6
88 31
185 90
182 100
80 22
109 10
37 33
8 44
132 11
197 31
160 69
42 8
8 92
131 16
49 96
54 32
168 90
129 51
140 3
17 3
108 71
65 88
110 95
157 26
180 82
107 30
195 8
47 6
59 80
100 25
84 25
127 80
24 1
60 45
64 47
15 90
11 74
121 64
58 89
34 57
131 81
19 40
57 43
26 50
59 40
1 52
17 19
50 18
142 91
81 6
97 89
155 68
20 43
151 83
176 3
60 99
75 67
103 12
108 55
43 100
194 52
124 89
37 88
11 65
54 64
18 53
122 85
4 90
153 51
73 91
189 32
178 20
166 82
92 75
48 80
77 6
48 2
161 30
172 6
86 35
67 89
23 20
73 22
199 30
99 61
162 57
129 8
186 65
97 1
99 17
25 88
35 29
56 14
85 93
119 5
166 51
56 92
175 6
12 88
190 97
72 32
150 31
119 21
12 54
72 21
181 90
123 66
36 17
161 97
180 50
82 71
65 14
165 37
188 1
91 92
73 35
91 99
163 17
43 29
99 4
41 4
97 56
177 16
103 38
162 71
150 14
129 90
24 13
128 37
85 28
182 25
59 44
192 56
110 85
86 40
126 13
106 67
16 46
125 79
194 38
159 55
167 76
95 81
38 33
8 48
124 41
162 78
89 23
62 93
192 53
157 48
78 79
167 57
79 23
34 83
152 44
105 16
48 79
75 50
78 47
153 40
151 81
131 84
178 72
179 1
2 83
68 53
44 25
63 48
60 12
75 22
47 43
179 36
162 14
71 10
179 45
89 47
110 14
158 3
200 61
83 78
141 7
38 20
188 73
148 48
135 100
83 21
9 53
124 4
75 12
173 56
70 78
28 80
116 83
108 98
144 9
92 68
16 94
30 61
56 25
182 22
23 89
2 72
95 46
42 39
19 72
115 17
20 92
198 43
40 80
2 9
122 9
165 88
135 53
23 31
7 54
53 87
108 5
48 68
27 44
111 35
41 9
144 7
97 62
69 76
69 76
190 82
159 30
124 20
145 88
162 31
181 24
162 3
113 65
34 1
77 95
172 58
161 42
126 40
22 25
152 22
165 98
78 76
194 72
123 69
128 51
128 7
47 22
142 38
96 89
17 83
160 25
10 88
3 56
12 87
193 47
21 6
8 78
178 29
31 24
72 1
184 79
40 6
26 2
194 99
118 39
190 64
160 16
108 50
76 71
162 56
195 5
44 40
44 91
137 28
48 89
71 53
43 74
72 43
104 36
4 8
28 67
85 22
75 28
80 34
139 4
71 44
68 15
74 52
179 62
53 23
133 35
83 53
74 42
194 50
149 24
91 61
112 11
99 72
101 42
134 27
128 46
10 19
190 64
40 34
146 23
132 35
34 56
132 2
58 46
171 41
177 30
83 8
70 82
48 81
101 87
195 98
123 59
59 37
112 2
112 34
177 84
26 17
121 24
54 90
104 38
150 67
46 19
111 10
105 16
16 68
148 49
94 20
180 19
133 75
58 92
43 51
113 35
11 61
67 22
159 2
174 10
79 31
148 59
190 70
95 29
134 30
142 18
3 18
130 20
178 20
160 86
101 74
165 18
54 27
94 68
98 74
71 100
64 73
24 17
34 41
68 84
167 92
60 72
180 37
31 39
22 12
110 23
108 98
199 61
114 29
95 15
30 73
69 90
10 43
189 21
44 18
190 74
53 97
114 41
137 76
118 26
134 92
145 85
134 96
43 11
90 26
171 93
87 20
155 34
148 1
23 78
153 36
53 69
1 7
146 47
114 7
101 63
56 68
102 71
104 82
47 25
37 50
121 13
60 79
35 6
34 20
4 57
127 97
108 70
116 39
17 40
52 81
117 8
76 18
20 52
141 50
171 33
47 49
185 33
27 37
36 2
44 23
76 7
192 55
106 93
5 86
10 63
130 29
131 1
153 91
138 44
84 49
181 72
174 68
62 15
29 88
29 44
98 51
27 66
10 98
8 55
167 23
15 81
99 3
133 90
130 7
31 74
34 97
45 18
129 76
89 30
190 44
115 5
21 6
117 82
37 11
72 32
86 30
35 65
156 21
41 63
22 47
42 51
143 33
76 39
4 23
168 7
9 99
162 6
113 15
90 99
184 85
43 21
42 89
144 46
166 89
143 63
30 22
174 49
191 94
86 75
94 86
30 41
167 16
48 63
107 78
49 2
188 71
105 93
101 89
49 63
185 67
173 58
151 2
167 31
88 26
112 18
133 30
15 42
64 53
33 66
98 64
64 75
115 14
64 26
101 59
194 25
187 29
185 33
50 88
88 42
57 9
10 33
196 45
141 92
150 28
197 11
169 96
148 71
49 29
24 94
185 75
126 57
159 93
27 9
115 45
188 96
196 87
130 73
27 19
118 45
84 9
178 21
85 63
8 95
67 78
80 52
34 69
105 26
99 79
183 25
98 53
66 3
115 20
198 31
66 92
121 37
191 92
61 12
36 89
129 34
62 15
190 98
42 5
179 85
18 45
4 96
119 73
10 9
167 61
93 96
61 5
16 4
136 96
92 23
127 88
119 88
179 56
193 4
169 38
